10
20
30
40
50
60
70
80
130
220
240
280
300
320
340
360
380
400
420
440
500
550
570
620
630
730
1250
1520
1840
1930
2100
2400
2630
2700
3590
3830
3900
3910
3990
4000
4500
4560
4570
4580
4700
4760
4920
6000
6020
6060
6850
6860
6880
6900
6910
6920
7670
7760
7940
8190
8500
8850
8870
8930
8980
9200
9340
9350
9420
9450
9480
9880
9900
10090
10180
10500
10680
11020
11450
12100
12110
12120
12200
12210
12220
12710
12810
12900
13140
13210
13520
15100
15620
15700
16450
16810
17080
17300
17330
17390
17410
17430
17440
17450
17460
17470
17480
17500
17570
17740
19900
20500
20510
20540
20570
20900
20920
21090
21100
21110
21120
21690
22000
22100
22300
22320
22330
22350
22370
22380
22600
23310
23490
24010
24200
24240
24720
24740
24780
24960
24980
26800
31280
32370
32380
32430
32440
32470
32500
32800
33230
33900
33930
34030
34270
34830
34870
35140
35450
35700
35720
38400
38410
38420
39000
39140
39210
39500
40100
40390
40800
40950
40970
41000
41070
41500
41700
42700
42910
42960
44350
47410
47780
47790
47810
47870
47890
48000
48190
48700
48720
49520
49540
50130
50300
50620
55100
55110
55150
55230
57300
57690
57900
63380
65790
65800
65930
65980
67370
70000
71340
72850
91600
92800
96000
96100
99900
102500
104900
105450
105600
107100
107310
107410
108600
108710
108800
109600
110800
113020
113200
113400
113420
115300
115320
200170
200210
200260
200510
200710
201790
201810
201870
202170
202750
202970
203140
203160
203290
203770
204100
204300
204340
204360
204450
204880
205100
205230
205950
206190
206210
206420
206440
206480
206500
207140
207170
207230
207610
208090
208140
208480
208580
208650
209000
209080
209160
209670
209870
210770
211160
211400
211420
211500
211820
212070
212160
212480
212500
212680
212740
212800
213670
214340
214420
214490
214510
214560
214950
215080
215280
215530
215790
216150
217200
218230
218620
218680
219150
219640
219740
219890
219990
220200
220240
220440
221040
221100
221260
221380
221640
221910
222480
222880
223470
223710
223750
224260
224540
224600
224760
225080
225260
225540
225840
226700
226840
226860
227300
227940
228200
228280
230230
230410
231060
231430
232010
232050
232090
232770
232890
233130
233270
233290
233450
233720
233860
234140
234630
234650
234710
235340
235540
235600
236090
236110
236390
236430
236690
236850
236870
237110
237310
237930
238010
238090
238320
238370
238460
238960
239030
239140
239160
239200
239350
239820
240320
240720
241600
241930
242050
242640
242700
242720
242760
242920
243470
244160
244210
244450
244850
244930
245170
245620
246620
246900
247080
247120
248570
248820
249050
249130
250320
250400
250820
250900
251060
251570
252130
252150
252490
252950
253710
253900
253980
254060
254700
255710
257350
257510
258970
259080
261030
261110
261550
261570
261640
262060
262280
262410
263500
264200
264710
265210
265550
265590
265630
265930
266840
268050
268420
268500
268850
268870
268910
269210
270150
270550
270880
271590
272060
273110
273350
274170
274190
274900
274940
275390
275850
278080
278360
279720
280160
280790
281990
282070
282140
282440
282660
282800
283880
284160
285160
285190
285310
285800
285900
286160
286570
286690
286940
287290
287390
287450
287700
289070
289130
289650
290340
291480
291550
291650
292030
292120
292910
293180
293260
293540
294100
294860
295110
295550
297000
298110
298260
298630
299360
301520
301640
301750
302380
302510
302670
302830
303390
304030
304050
304240
304390
304430
304650
304930
305620
306130
307690
307780
308040
308600
310370
310560
310950
311210
311340
311690
311860
312530
312660
312990
313120
314160
316010
317360
317470
319510
319630
319830
319910
322170
322330
322500
323190
323470
323580
323850
323910
324800
325610
326460
327690
329050
330020
330840
331360
331470
332070
333420
333930
334230
335240
335300
335330
337000
337320
337950
339280
339610
339800
342200
343710
346010
346110
346330
346900
346940
347560
349040
349700
350640
351030
355180
355840
356190
356670
359320
359550
360430
361420
362890
363970
364360
364470
365450
365590
365670
367450
367500
367520
368070
368230
368370
368500
370910
372000
373420
374040
374320
376210
376570
377160
378540
378860
379430
379720
380600
380840
381210
382490
383080
383870
383980
384190
386180
386360
386940
387290
387990
388410
389430
389570
389730
390670
391220
391460
391540
391720
392110
393380
393420
394230
394310
394360
394510
395170
397540
397720
397900
403640
407530
409710
410320
412020
413150
414340
414700
417860
417910
418070
418240
418370
418460
423710
424280
424370
424840
427270
427520
427730
428950
429470
429790
431240
431960
433340
433350
433850
434570
434650
435150
436150
436520
437220
437920
438040
438100
438740
439190
439350
439700
440900
442080
444090
444200
444640
445980
446150
447020
447040
447820
448470
448510
450390
453480
457140
457330
459820
460790
460920
460930
460950
462780
464920
466240
466560
466910
470220
471710
474960
475150
475550
476600
477160
479130
480490
482730
485510
487220
489520
489830
490220
491950
492720
493340
495910
504230
504370
505460
506540
508440
510840
511470
513710
513780
516750
518790
519860
522570
523660
524220
526870
527230
527430
530620
530700
532210
535930
536930
537180
544730
544810
546560
548430
550650
550900
552100
552500
552520
552990
553640
554620
555160
555570
558100
563560
569480
570940
571740
575110
577800
578080
578310
581320
582010
582160
582500
582660
583950
588430
588650
594570
594650
599140
601150
601510
606280
610080
611500
612880
613100
617290
620980
621060
622650
627690
629520
629730
629760
630100
632360
632470
633230
635260
636480
637090
637650
638070
638970
640820
641990
644560
644930
645630
646570
646910
648120
648350
648800
652410
654880
657200
666140
666220
667890
668630
674940
675010
677620
678950
678960
680420
681660
683320
686810
689580
690790
692850
696370
698780
700330
703080
706990
711810
714010
715210
723780
724970
728880
729040
730310
736190
738060
739630
744900
750920
752590
755790
761890
766570
767560
774171
774861
779340
782330
783770
787860
788100
794600
809960
812140
813780
813820
814380
814480
815370
823130
834910
835860
838350
841370
843380
844870
845070
848450
863550
871720
872790
880940
881100
883710
884660
892970
893520
895400
900883
905370
911400
921060
939960
942970
945360
952060
955050
960090
967050
976310
976730
996470
1025580
1030840
1046930
1049590
1056640
1057090
1057240
1080110
1085660
1086940
1089350
1091500
1097150
1100600
1113000
1118200
1128810
1145360
1151340
1151640
1154790
1158310
1172380
1172470
1172620
1173690
1174180
1180380
1190460
1196590
1207590
1213210
1217060
1222670
1222680
1222700
1225330
1226470
1237950
1237970
1238000
1238810
1238840
1238860
1241110
1258080
1263850
1266680
1282730
1284410
1286830
1289310
1293830
1313860
1335200
1343370
1343400
1353950
1366540
1399780
1426210
1436930
1444740
1468810
